31543413
26461998
25103301
26709689
22133988
29032195
29547154
33275949
21711956
25104599
29889859
27048439
29454115
31130079
26965725
32302358
25304324
26269030
27922335
32719687
24888393
27697390
30161242
29508628
32740208
28946931
32460369
21739343
27170145
30079795
18461255
29164566
30644674
27012480
24327039
31983240
26553594
26073857
31766892
16581405
31150545
25475779
29709055
23640312
32691346
28597829
33331043
27836005
29543761
25302663
30689529
28628106
32631428
21846412
29193794
18417747
17582361
19450337
22558393
31879555
28468166
25738938
32196380
29497953
31462416
32854739
30409914
24666651
32515409
24671697
18716236
32530839
21406126
17142588
19752047
21631203
21872095
27386969
27865877
11707485
26584722
16503326
26109428
20207434
30638594
27288467
25123846
32501935
32033724
28009771
15209595
21271598
19484621
24598329
26929196
27172365
27989710
26637522
16934734
25813883
19492552
16231955
29099419
20567275
20169268
20709500
27399161
24918128
31859988
18651982
16102569
31078164
31957718
32544913
33116113
26391132
28222210
29567339
19547738
24665132
32874063
25378742
31930592
28054229
16570396
29135152
20151086
12463272
16803468
17879082
24953162
17659637
21991868
25312343
25300294
14743894
27206630
21040098
28444055
26986705
29998741
18538478
19257885
32524950
24064026
15757795
22268663
25040436
19722726
16494699
28647501
24473156
32458360
25924678
12625112
32305599
26596880
32030657
26520637
30736803
23964302
21144455
24989986
15663319
26974033
26946904
24407561
25821066
9867731
23223739
31397421
15806465
26501943
16270942
24583403
23628677
26219911
24590555
23220449
31325315
31585528
28038722
30315972
23224228
31327540
31036121
27808489
29573517
19404082
20924720
26423651
16834849
6380427
19555950
27001107
24447684
33039498
28249256
29129014
16857258