31543413
29032195
26709689
33275949
30712879
29454115
32870641
27232677
26269030
29889859
32740208
28419845
27922335
31130079
32771337
32444482
26553594
30079795
28476690
28038371
28946931
27327415
29508628
32309425
30993666
29460165
26379143
31492648
31958161
24888393
32242947
32302358
32660334
32991426
31680340
27213481
32000386
29643479
26615034
29055459
27012480
27697390
32348037
32619175
32167642
30352321
29117326
31462416
31150545
33185370
28397632
33126394
32321574
30835901
32615081
29164566
33196997
28376442
32588430
31875953
33218673
31972617
31689770
31531852
27806743
30552255
31766892
32726276
31377765
31085462
32631175
33147368
33331043
27827838
31490339
33245136
32103487
25475779
31399248
31920058
27836005
30730303
29516238
32533599
27096951
31903560
33101208
32381409
32515409
29193794
32737349
31364920
32033724
25813883
29899650
27973673
28468166
26584722
32290393
31300971
27386969
32590554
32501834
31325315
32501935
32229517
32937855
33339263
32196932
32846856
28722625
32057545
26580396
28320529
26908507
32501972
32899059
31522852
25884444
26886655
33327254
32781562
26391132
32524950
26637522
26424347
32872016
25283510
28009771
24682602
30249509
32356052
33302931
26372748
30522368
26961575
31476930
33470703
32325248
27191883
25541915
27865877
32599623
31786103
31807789
31455980
32443427
27121358
33202650
28178135
32052364
32127107
27324830
29269069
27288467
30502746
31588651
30209083
32874063
30650439
32908852
24766413
30362636
31639325
32316926
29135827
32544913
29217946
33143728
32710807
28903611
31664548
33285704
32092507
31221217
31278064
33433518
30870526
33328202
32121441
31027507
32356157
32030657
32600306
27356496
26946904
28841633
32294225
26974033
32861717
26765347
32075670
30849176
31494575
27907072
32723062
30209084
32972380
30904560
25342272
33371080
32575827
32139243
30919720
30154056
27525527
26868158
27806184
30209082
32221076
27129874
33175061
28647501
32346521
31895707
31880283
26206753
26496129
26423651
32152843
29870527
28511929
30093540
26501943
33080731
27329608
30760318
30413366
29129014
25924678
26986705
32892362
30987851
28984406
30315972
33046204
31291557
32977778
29723893
30638594
26784527
30909308
31847651
33485299
30738817
29497953
32557477
31044614
26648083
31636071
30713085
31368412
33691736
29566055
31028879
27431751
31014906
30835020
32447554
30873815
31273566
29215166
28712898
33116113
31905375
28011413
32966111
28684530
29794102
30203491
29982303
32388784
24970907
27100392
27001107
26520637
31078164
32458360
29627811
33235084
32723237
29267052
30261843
31382917
31122992
30767734
32798759
33201454
30352588
27808489
31931916
31097186
31675986
31701545
30373589
31860946
30356112
32006517
25765726
30771877
29679215
28916875
31446977
33284236
31010440
27567894
32282129
32967659
30042077
30059649
29952815
31147231
30772236
31300033
31475286
30508865
31912716
32935777
28731441
31112663
30453944
33467118
33307261
29456119
34126990
33244670
30928672
34186117
25794489
30710471
31122075
32890263
30946449
31661026
28987442
28705665
26129809
34273476
26134060
33837898
30926174
27711155
33285333
33710289
31357056
29535272
26400631
30261921
28061827
30919946
30158220
29991634
33949094
30526698
29596691
26883161
30696496
34348646
33821306
34449511
30950980
30168884
31664410
30973462
29055445
29545417
31004904
30259270
27084283
33021899
34112216
32654632
33934916
29116423
33836686
27716090
33074460
30484985
33160685
31397421
32691095
32008797
31585528
30558075
30145101
29228434
30635223
30818132
29745891
33618990
31188986
29573517
31027118
31351340
28183402
33948993
33341109
32780463
26410748
33181965
30100364
30256965
31435708
30817727
27445080
31283953
32726791
29582713
29985791
34325081
31669592
31861253
27999450
32321394
30315827
25442242
28260277
27747231
33845529
32594981
31313990
33558960
28213195
33761988
29906699
29637551
34190171
29477373
34484706
30502528
29883989
29730174
33801152
32520161
33651814
33847608
29869308
33635292
34091654
29747632
34274087
34053778
28716323
34031112
28888754
26604654
29565944
33512860
33580479
30196814
30022408
29776679
34397937
31427664
28955079
31272417
33084769
33629323
30223086
26800575
31287166
29947999
30020456
33438744
33419796
26218158
30311434
33762150
33813194
33691670
29436856
25650405
34320128
31376334
34100548
25616600
33628433
33895369
29903377
30488949
31663808
31882363
28606713
27389906
33571752
34350430
30731279
26465333
33861198
33646586
33618047
34077889
34028074
28953074
30561146
29332908
30240479
33543469
25406023
34049014
31876728
32773113
29137604
32312062
33181158
33847605
30161242
32854739
31106558
32789568
29405735
29175078
25599755
33895045
33235119
25757637
33981412
31284041
33294457
29218648
26093375
31139645
32735837
32996309
25795644
33038030
31327540
24871959
32396502
28263791
29618146
29377171
32234205
30594164
29402692
33136050
32532452
30528217
27055272
32825976
31648940
33378629
26286073
30219474
32842967
31804324
32763300
31307732
27043891
31957718
33120786
28486544
26864396
31186004
26894430
32326971
30156888
31067245
29633581
27566636
29849007
30706584
25409880
33417154
31122980
26299319
31036121
30474734
32278545
30511328
33657397
31512045
29408921
24694286
33025942
32436912
31612198
31422030
32719687
30045219
31217002
31952459
33046493
26288221
29500334
31834518
31424411
34449516
30371534
34348671
28052313
31930592
33279802
29538276
31654492
31987733
33126367
29433679
30341272
31731636
31014507
34394299
33107464
31376629
29684314
32561525
33662494
32389014
32442808
27170145
30811417
34408037
31696946
33503068
28157097
30798419
29931473
26170102
32565327
31615098
34397810
31255970
30078477
33481385
28099332
32381092
29766564
31011846
31115075
33372412
26169885
31288869
28597829
30773329
31348264
25579820
33852713
29297440
30608900
32763617
30701070
28962598
26997446
32996621
32914723
31312742
29749132
31027066
31982088
29579524
33693635
30770329
31900506
32847666
29713967
25590499
28622734
33217880
31222563
32283429
25323618
30736803
32597778
33037470
31108433
30577822
31204407
31064020
32493452
29709055
31983240
30688754
31211724
30813217
33222260
32977033
32740543
33578546
32203864
33533408
29325867
27764086
34231665
30666001
30746647
31057961
28135710
31409325
33745600
31584117
31960344
31364553
30726200
32090736
31883662
33998031
30536144
31897759
30689529
33707091
31810762
31733387
31096502
31984466
33160351
32752970
32756153
31084327
26799001
31404902
31914076
30805796
27406219
30514412
30585508
29957154
27989710
33109925
29468698
27421742
31707627
33285705
29655845
29302319
30552257
32903841
32076706
27334676
31951817
31256692
32798230
30075313
32210080
25731209
32760689
34397883
34353040
34200366
33074161
33249084
32965067
30775935
25748818
27681890
32379654
33835638
30845171
29291422
31917049
32855628
33864273
31024013
33040195
26002887
28920522
33367765
33230590
30900278
32763330
33341565
31469907
33198678
27635773
33181700
32686261
27121321
32393268
31318813
26371391
33171973
33418283
31893041
32530839
30518340
31173864
31059160
28749971
33474964
31790570
30391768
31446192
33618359
30754998
26466329
27172365
25638403
31173594
29968558
28482687
32758393
31208193
26144877
26244748
26074746
30358875
33126919
32660457
25738938
31930494
33676443
31722746
30975341
32679584
33231686
30548598
32715352
32513777
30658311
30617493
30983822
30603078
29322660
32691346
33270253
31924166
33764479
26542304
29589466
33126376
26461998
33246090
31511863
29547154
27399161
30900027
32077867
30267033
29619917
34160432
30387081
32143119
33825068
30062923
29754215
32175593
32481412
31421952
31227415
30919925
29362123
31918750
30301477
27825401
34489268
34266837
33247563
33832126
31622209
33483251
30545322
32796194
28343616
30548549
31549529
33430035
33883404
31000183
33591109
28549547
31631764
31879555
30071559
31435707
33307398
28983778
30921197
33470746
31887146
30632051
30611274
33322967
34000343
33549624
31770202
32774596
33011790
31524309
31272046
34025305
31826058
31077670
28865816
32947753
30790278
26875007
29988099
30833309
33146395
33410995
31076344
31393365
24526571
30681588
33285706
32789891
30822248
31359566
34046839
33799036
27670807
34106640
25406869
31640093
29890554
33812449
33019407
33227944
32220545
29632000
32899103
29885205
33655946
26673035
32750378
33274200
32785296
30876697
30376535
28538374
31341469
33359322
33382419
30306398
27578038
30287605
30743033
33044182
33166619
29663961
33371128
33235062
31289096
32976663
32951700
33886628
32345690
25842375
31667860
31529301
31698139
30146833
31738608
33081138
34106617
32361693
28444055
32305605
31995650
30951540
28952230
31936042
29196718
31531307
30574296
33039498
27889300
32348335
34106615
32362057
34139338
25659295
32220727
29781564
31441557
29969436
27040884
33432345
33236863
28248714
33544705
30044236
34219064
30846193
31711074
25139772
27784209
28803446
27421074
33197576
30087099
26965725
32827432
31758577
32513264
30191666
31285157
29099419
29663679
33832147
34468500
31577726
31543073
30653855
28935366
28505032
30824975
32591210
33181652
31023387
32028417
31162767
32307322
33015951
30776512
31992124
34486719
28590232
29361202
30854763
28402094
34069867
29093570
30817611
30391520
32487162
32305599
31720956
31942751
30418234
30790735
32592695
33559070
33263952
32514837
32899507
32354511
27796419
33705430
27458819
31096480
30762742
30146037
33165258
28893183
29766271
31040078
33327324
32297578
30063173
32728045
32861835
29105127
29970128
32396236
31676646
29569984
27846846
31599397
32131786
32101049
30475445
31738462
31353630
33607845
33161394
29543934
33288435
32621056
32565837
30949880
30651171
33656052
30117650
28843706
31858591
30466453
30558076
30964886
27538652
31402445
30306730
34261677
33126296
30932167
27010447
31219164
29281497
32114992
33892045
32926917
30737159
30659497
30671798
32794240
30834633
32703027
26545988
30302575
30353053
33371130
32020850
27225432
30447170
33601001
31482316
33296681
29909748
28449266
30518411
32189065
32348701
32030721
31445833
32279356
34307268
30004834
27267345
30579079
32324817
30328197
31078378
30176738
26483155
28090667
28633888
30449651
29335319
33301609
28128476
34301280
27532470
34253179
29512316
32564272
33663053
31972788
25251203
30100234
31335754
33469915
30621759
31277110
30803462
31960954
30813201
31574510
32566164
31407368
33077758
29885701
33285744
33376166
31170024
31617409
30864530
31930743
33181660
32159800
32337240
25982807
30885188
30870267
28095998
31567446
29924011
28783051
29131754
31872490
33906838
26526879
32118614
30336463
28799780
26871839
32196380
33631792
30699447
31537628
33677682
32631428
33461482
30953509
33066847
30626399
27211569
32124527
30358193
30746655
32690517
34488390
31335705
27031064
25946391
33285724
32497510
33131965
31471664
32493464
32306092
31230994
30389225
29254541
33490243
28000707
33957548
34108044
32833132
31127621
32346080
31619096
33383150
30931494
34065344
30983544
29630882
30332978
33097989
33019477
32309449
32052876
29198326
27267874
32217619
31912907
29724548
31875269
32311822
32405695
32418007
33325431
32756142
30025277
31229416
29030653
28871436
26088194
33333340
27864991
31307396
31069372
31451279
30467226
33218515
31234793
32571416
26682049
29052530
31470893
34125952
31982626
31914101
32845972
31099505
32632599
25840802
32243013
32320977
30265226
27240241
32988600
32702819
27048439
32143842
32722438
32822236
30531642
26222250
30866920
34069316
26183031
29251025
28275872
29515167
33846949
30896613
31978262
29739244
26905537
32049832
27659397
31928908
32049474
33167303
33651653
31522858
33105148
32089286
32462032
32580777
29616674
31347956
30666916
31374186
33611598
31299552
27632386
32427616
28198101
32963831
32552474
31521830
29508691
26339798
34256793
30549343
32181705
28054229
32946420
25950691
30883352
26266773
32993555
31016379
32563745
30251919
34083055
29699534
30577212
31993949
26066329
33663108
28682868
28797191
32613269
32542676
32515529
32933331
30518984
32147056
27980009
33515678
29336593
25732256
29357326
31136961
33723935
27056623
25308632
34216625
31714924
31511077
32799356
31268226
34170387
32304619
29395670
31299285
32664905
31722075
25601358
31285126
32248916
30457993
29214413
26633306
32798788
34397818
33744336
31684882
31045796
29937241
31694842
27772771
32778091
31533075
30178172
31430758
33146627
32088490
27779589
33607861
31977704
30729755
27922763
30234686
33120799
33082885
33053694
32571299
25910659
31863576
27855698
33942278
29685058
28033196
33314733
33827735
34465332
26729857
28159845
29071719
27661036
30269070
32040596
33011371
31737653
30470623
31021167
32379682
25637206
28230911
30896634
32209083
31941489
33836812
27213782
33422382
34449468
32036737
30684708
34187743
31843679
33516181
34033289
30612155
31925612
26932252
27253903
24943289
33010814
33203370
26812415
32100377
30743038
31619313
30947759
31900986
34433603
27549178
26075222
29543761
32689862
28364865
29472116
29998741
34107712
33037835
28950924
32798020
31514990
32967293
25747542
31392211
31603930
31893034
33631060
29607831
32069248
32221098
31132909
30206126
34095296
33019402
33170880
31864307
25582096
29439747
33155336
31211896
31347536
28498643
33812754
31569424
32258139
29953555
33483916
28188307
26464292
31712120
32248229
26035042
33025630
25775463
30871811
29957821
32001403
30631437
33270099
27067658
30014440
33541012
31008974
32384496
29561180
31591158
29929912
30844843
32710840
33009909
29887418
29914737
29933277
31214901
26302495
30630994
29776950
33080416
29529201
25816365
27081203
31168972
32447003
33655947
32453804
30843601
31428814
33617868
33186165
29850535
32149100
33482680
32631403
32165819
27343014
31548813
31111911
32720600
32343736
29980186
31194681
27465169
30935529
33752639
32498136
25447792
30903654
31879135
32482429
30621647
30184244
32845889
29308967
33682036
27399007
33007067
29043757
31685457
28866346
30974309
32410304
31791622
33370043
30094461
26268807
33058775
28987483
27791245
33371135
33080690
32975884
33890684
32717028
31476981
32314468
29565945
30497278
29356877
32141601
27128911
30702569
28376873
32734777
30611720
30729283
31821329
33075240
32816550
25428942
27124017
31058623
28590505
29993131
33882925
31473609
25753937
33075578
30151553
26310262
32812889
28796137
33390044
31186062
26277246
26595831
28742425
28236797
30024045
34379700
28756874
31246934
33639868
32351207
33160405
30620145
33352437
33035521
33673850
31539634
33272322
33519713
26824786
28430622
32250544
29627212
32443326
30945005
34118855
26822544
32054453
34164370
33244069
31183496
26929196
28886700
31120134
29641774
33129791
32916212
29797691
33472840
31543689
33755752
32621526
31923245
30573152
32905613
31902140
32163109
31937461
29675889
25600652
30950979
30503255
30304350
31510821
25923885
30206083
33112875
32503401
26765461
32139062
33183823
34301234
33350031
32563306
26362489
33168521
32792221
33482034
33259701
30603858
29665745
31170785
29914397
31609966
31048881
32371338
31891962
31083225
26032669
31955344
32900278
30427874
33197571
33546018
29595629
33607862
27555170
30646863
33397621
32573311
32957400
29361437
31629209
25921745
26913635
26963819
28339068
27362288
26159750
30558650
33905425
29943802
32892632
32241587
25809770
33685962
26763769
32186000
25404399
26595023
25601744
31924173
31290343
33905414
33052590
31947826
29473198
32698779
32190901
29272731
34029531
31972316
31992346
31138400
32140869
33278502
33616801
29909908
30240857
32170452
31504060
29500941
31132077
32004622
29197154
30726966
30234557
31326714
32108325
32683583
30871517
30022693
29887162
25641331
30708042
28063304
32460857
30012383
26067931
32711058
33076963
30213485
33578594
29620010
31847918
34444026
31290721
26451008
32606139
31684682
26916107
31093862
32115003
33373371
31437407
30186369
32887714
30715585
27867129
31288395
33763477
28295643
30562296
28467470
31068040
30030083
34087912
29024448
32027185
30644674
33338558
33062709
32862897
32317705
33766455
28562529
31048663
32358815
29056502
34091029
27271239
30704306
28655117
31315926
33602687
31096437
30007303
27475789
27090362
29126045
31404567
34087821
33017672
29528274
30380036
32851061
28903843
28705999
33777053
31631247
26908700
30852968
33632486
27118303
28112552
32408874
33181651
26606533
29862463
26453153
27064452
32559768
26485570
32251470
32727383
27318564
30877182
27717308
31754425
26409071
29206751
32025860
32899010
31096308
30688537
33285725
27554842
34020214
33667319
33238921
31013946
30244995
29449262
33886549
34056001
29794242
30062367
27603408
30859538
31730917
28463987
29794746
29707778
31696294
32573713
32918282
32028230
31182319
33663069
32947760
32918209
30898156
32113154
29073577
28744822
31493792
31303533
26509768
29751089
26204902
31951600
31881165
27496935
26973084
33278051
27038278
30834712
34384495
31438857
26183137
31858595
32032898
30169895
27777338
29779405
30195644
28942615
33202167
28287929
32088667
30653132
33648762
26560110
27595855
29391784
31901331
32931146
28320745
34129609
32244397
33327341
34178921
30089401
29562935
32557558
33195690
33239107
27170558
25104731
25918850
26654287
27333130
33410217
31311359
33285727
29267306
29959128
31532907
33122115
31918702
31326267
33497171
29573301
32217344
32950629
31420197
29684567
31669341
30514722
32769921
32097362
26341697
28067303
32692606
32583078
32872552
34046036
29413230
33476466
28437329
34038705
24406251
26402004
32847748
29708911
33832136
27091846
28041900
30756458
30636375
33074714
30683970
30489016
29080708
30855328
30575632
29222560
31948464
32702845
33034121
30855448
28956624
30810821
29757951
31825650
29976224
33907946
31006835
28986034
30168578
31145707
31594741
33048909
26716639
31111319
31279137
31623569
28899519
33035676
32992196
33112287
30630433
28779960
29292216
27928661
29465566
26558477
27894691
28431832
24848764
32521195
28124655
32187182
25348932
32399700
33120780
29439847
32430964
28456347
25720501
33271382
33957988
32778072
29526521
28110140
31470771
26436666
32196801
29906707
31749109
33578512
32470529
32945861
30414801
33661908
34260566
25764172
31577763
34106627
33675965
30355391
27340676
29033088
32460770
31805270
31795171
30040992
32846844
33176724
29803011
27417307
27325433
33029520
33568081
25384618
33498343
30409914
32830526
31923856
31292800
30009335
32231119
27988968
26088327
28917504
34563128
31604126
33926262
31112852
33212510
31228728
27160267
30817561
28478443
31518069
29752626
31192915
30322339
28417451
28573250
33827422
31704700
31637390
32912348
31804770
31567945
30103737
33601693
26782844
33790903
31664064
28130101
32442608
26717117
29653854
31437639
26951401
31913562
29126609
28885233
27521134
31132814
32293469
30508920
28691307
32993819
32366995
26311090
27277138
31884960
29666309
27401469
31886813
25064381
27637719
31307405
27604361
33934125
31296261
30872125
27988306
32916148
30653090
32850570
34038812
32404393
28299896
25875204
30230381
32355138
30252883
26045286
31551371
33568375
32583879
30656650
28687813
26628692
31520805
32255717
30878375
29593281
31672528
32790892
32602052
29704266
30509254
27549367
33546032
30873278
28484063
27381481
25156625
30444486
30215560
33024418
28732838
32150950
30927951
33303059
32458621
33710738
29748456
27589574
31430217
29633783
34263635
27057932
30792131
31752052
28807434
25652605
27790803
33120827
32510905
33295643
31959476
26926375
30729500
33197672
31217079
29124065
28001276
29799874
30760309
31309524
27119931
31858590
33778951
32666214
31601215
30770070
31292471
27321957
25487766
26605535
28716381
27073921
33362380
28411169
30341113
29302323
32968763
32542337
25955094
31665451
26812602
30545386
32942786
27837713
33017425
31937366
28403455
34275483
31351676
26513152
32870151
30357326
31962181
27031061
28812209
33180855
34168031
31679534
31771441
29452843
26275651
26718929
33525063
31722645
32310159
32635367
34200483
27146054
31751768
32887663
29393214
29373805
28544572
26406195
33069795
32097317
28756778
28991368
26016783
31618206
30554331
29785654
25139696
28701212
27492526
31014995
33539776
33750958
30966774
27620292
29214917
31640391
33667694
30223556
31318420
27611666
25860298
33691796
26407440
27182821
31498809
28397967
31273486
28542347
32282722
32460369
31802593
31738145
31812710
30058516
27350588
28927315
33578520
34332836
28222210
31046441
32803318
29664857
31615412
28947223
32560699
33087766
26649601
31799714
26554768
26945611
33782258
33484296
31681984
29268843
33765691
32628615
27213263
30356409
32255798
31376089
28821377
29144028
27006002
28057809
31477042
32629752
32716261
34280689
34088294
32810309
28918085
30995530
29666136
28368354
24635535
26061125
27720497
31113751
29801440
32665352
33245632
26409080
32328725
26329902
33748066
32530940
32437437
26084476
28859222
31227660
30115515
31888735
31582198
30246875
29846383
33132136
34087825
32024722
32556236
29708265
31159621
31665091
32453672
32283258
25147097
33340524
34153902
24963871
31185683
30248670
30030341
28576117
26418833
26198192
27149669
30443720
30354593
26645992
32178541
30701543
27163483
30314852
27038725
33991662
34034126
34284303
33678787
34029996
25728929
30948310
33068648
28528999
30397006
31863273
32936964
29565170
29801988
28118736
27764523
31283687
33059010
30847825
29358417
31805829
31215488
27000462
27467600
26980184
26073857
28131598
27633274
33402899
33026920
25996378
27411429
27977041
34201492
25715965
31808552
28125370
29432998
27062457
29204840
27237336
33494757
27071516
33552043
29742231
33725962
28415013
31087568
27562241
29107767
28856792
34330320
33956302
26773247
34045165
30883868
27468327
32039712
26459555
31954758
31079827
31025084
32732709
33248290
33371077
29576108
25035087
33020100
29248196
30981746
31203380
32189324
33308140
28750918
30174256
25497683
32615062
27339200
32730989
29846409
26921618
32279620
26273598
30391446
33217591
27734465
30648519
25592169
32936834
28531848
26930201
29415586
29772108
32422302
29160504
34086779
29545017
31937207
25619176
28053288
28302253
29729444
33284989
32279216
26559249
28401531
32466837
31119649
28181634
29653626
33724458
25823832
29220732
33466125
33724602
29546615
27977760
30947394
28951399
33879694
26907928
28699165
28715610
33704536
29457023
26643098
26303335
33634060
27575542
32993696
28247060
27706174
32590742
33388004
25874506
28826265
32712698
31279955
32997797
31336202
30178507
29203060
26435039
25768967
27909580
28810833
29741702
32303190
29218813
32600287
25526527
34449478
28666625
32909538
26638900
29018940
29787614
32586766
25441421
32702818
30732191
28977093
26334842
31600248
26489486
32638282
32228423
30608381
30567597
30765614
31063845
27068570
30207106
28376794
28089506
28719841
32871972
26371536
29232031
26487199
33103263
30518435
31972510
33095807
26433770
33736649
25822653
33082891
29620635
31815931
27558741
27053099
32419478
28099330
33787512
29440235
29603386
32769869
33334273
27977549
28931915
29666128
29171070
28070872
30696448
31443192
33434220
28475743
25882232
32859309
32564935
33792771
34002432
32281721
26838756
30390504
28099602
30272225
31343961
29845614
29480532
31912188
31348236
28396927
30462177
31330221
31777066
29195583
26586092
27071728
32613422
28597606
28438274
33129065
32305278
27755462
27446866
26022270
34032494
26905314
26573517
32406495
26249235
31608438
31910815
29384858
25978526
29936515
33820904
29891025
26025358
27165994
30242316
30356109
31843322
31805456
33772772
32267838
28390429
27134147
29886165
33050574
32227599
29964140
26044726
31790821
28455193
27321894
29803742
27743525
25479028
31136987
28431618
32266566
27497886
32726657
34334274
31632640
29789199
31519222
28063922
29186832
28291849
27503025
31547797
34219224
31320283
27860171
30513027
27988341
26243549
32776936
32155208
30225851
31154030
33740341
28097716
33039721
32299375
31288945
29338431
26133025
27281791
25553406
32035483
29955869
32739398
27751897
29392585
32324670
30675684
33716042
32711496
34265453
31485900
26084526
32422467
29062060
30980076
28931047
28549846
34052538
31431679
25921416
33297969
29315721
26177116
28716039
31295409
29954320
26890272
33427370
26795974
27087044
27220941
29117330
26895656
31618268
31288806
29954625
26651485
29135318
31828771
26018579
26821118
27622457
32282725
29587882
34275000
31834442
29747751
33091160
32816535
31164363
28716661
28651160
25793703
29852054
32532763
28735803
32448907
30201536
31273585
31149735
29251716
30817570
33311528
28614255
33647033
25596973
33759041
32908865
28764851
29408016
31839467
33545943
29072635
32183752
26340868
31298718
33254366
33714416
26866804
31888509
33403622
29052180
31472671
28871505
31931342
28815602
27780482
28748514
28166427
26777270
26194990
28920538
33297975
30174432
27583915
26688238
32138657
31831325
33157951
32272282
29117322
31874878
29119656
33988935
28039396
34299999
31937471
27287305
33387100
27956267
29936198
33908601
26334539
30190575
28280940
25695802
32992178
33529972
33305479
25636193
28291778
29095732
31945055
33901248
29221876
31666023
30834506
28295150
31667736
25828277
33609617
29674128
28245226
25827412
29764907
26188130
27878878
30239749
27425004
26017021
31472056
30272196
32434486
29804008
27720402
31669529
30005949
28110441
30335699
27522956
32813275
33512803
25636989
32962765
32867706
28433855
25815276
27865102
30371952
33582130
30062732
31138610
32832490
28911765
28472362
29226307
28747410
28707337
27736286
30838649
27845052
28349529
25380154
32497279
28054180
25694106
25739990
27453461
32800738
27011216
27582471
34054820
30963990
32227101
25351196
26252314
32805772
30765240
26272950
29693013
29129562
25398303
33626894
34071454
28095996
31364257
31880866
31926475
28601917
33822812
27427423
32159447
33879723
32020498
31192931
27143874
29117328
31103472
25904437
30801909
27015221
30422092
30808527
32216597
28341139
30541465
31957332
26249236
30317627
27145927
28457602
26690190
32017305
28981654
30036390
31995649
33285720
32527124
29750825
30412072
30066252
31073219
28689048
28189661
28207499
32666361
28837859
29452327
34164261
33412246
31981710
26985655
28830820
33179850
28949077
26918744
30317000
32118322
26453240
29108777
26597174
34479678
32687517
33735508
30439455
30235752
25959904
26279493
31864397
26317363
31090191
33388595
29383607
28120905
28610777
26508033
28934284
28715408
31041606
30242141
31449532
34049391
32437679
26457380
30369344
26467676
26563953
32044868
26331980
29332308
26890487
25925423
26232517
33655910
31009143
32282601
33417909
25529836
30516060
29407475
30313075
30036666
25891806
34204433
30543951
28836955
28838086
27000210
29370318
31986231
31825072
32623724
32197092
27955789
25143489
31049761
26061322
29933788
31713644
28302546
25698226
32392262
26460285
32682747
29322682
34334175
29198742
32282385
28779919
26919484
27039222
25643988
32423944
28103890
25860130
31003207
33616572
31535715
30101552
31969096
30326887
31932131
29624414
26662643
32662580
28753777
27888514
27542514
30378678
28262913
27311404
26328632
32889142
27894673
25989717
31335559
30813207
28756406
28276151
30289565
27048342
28188433
28550009
31601868
29945857
26830306
31382125
27091749
33511503
26711737
25595691
28402940
33459521
29535228
32039788
27760487
30350414
32731832
32276169
25837206
28488418
32882478
25687750
34435378
28803906
27893176
27153868
26030516
30153301
26355837
27770813
34069580
29452283
28716727
25825153
28471607
33200825
25644018
25924708
32279116
25684125
28846809
29341066
32773392
27090986
33955623
27514855
28254421
33651439
29526584
27765009
31789430
33382819
28174123
26626701
33716027
28090819
33530227
29279656
25700159
28984667
31562022
25850757
25886298
31805357
30458875
27676091
25461441
27310768
28404791
31140587
33676775
25889770
25854654
29045286
32449959
29792085
27086194
31766887
29847689
31494227
32473235
34373501
28889998
27126671
32421623
28850537
31709047
25680100
30746681
25226880
30458324
33717198
27083214
31712255
33783815
32803882
31972579
33242342
30779801
33122086
29757366
32103231
30465062
33108710
29879110
33950132
26150053
32195994
27288429
30784058
29411737
29301530
28146168
26669956
32059734
26308607
33761646
26022068
25232851
29219061
28124434
28481421
28780370
32598963
31900180
31055731
31469748
31754752
29242057
31015757
31476737
28392338
25845977
29413949
32153507
28427463
25686509
30802939
29144030
30083701
29459359
34414963
25516467
26249303
25929694
29371043
29063876
31614012
27254030
27117096
29049177
27716082
30326032
33865359
28390583
27385133
27575742
28733134
32012227
27095510
26502767
30887169
33107592
33118160
28730948
29921544
30838395
31983356
31096448
25749735
27481921
29129022
31978269
31774524
31656149
26210309
31914030
29906531
26164400
28101630
25996771
32007682
32664082
28205126
27885664
26397246
32496607
28322321
29117329
32560535
32713730
33394608
33250180
33875242
31076323
29604585
28085991
27397013
29178851
26230117
33096043
30328581
30600548
25589780
32933584
32203530
30137536
26438686
32296983
32156762
33871067
32813272
26138733
33350748
27068777
29397561
33724443
34126092
30590480
29126864
29577993
26404264
26648251
27026799
28192263
27296826
26270434
32172648
33221022
26305459
30398672
27849111
31718566
32481304
31367163
31562923
30463590
32909814
30051145
24957911
26106601
26066581
31664371
29664167
28764659
28471838
31071081
27287641
26343285
27586179
28604170
28105986
26963028
26905949
25098769
28057037
30284724
32505015
32481491
26937897
31173122
30448331
30447074
30421478
27062038
28236723
33166340
30556876
31984578
28095788
26133124
31447006
29486707
31688828
25639643
28829490
32964431
31992158
30969966
31410556
31366382
33940266
29529875
29956000
25706113
30772196
26700941
29239068
26222251
29665204
29985516
28847765
32487330
32435800
31846066
29962498
29306894
30864403
30480763
29045633
32251668
27156198
29190036
28625793
32133620
28611268
26333288
30667064
32709169
29680105
28493375
29345357
26299681
26042842
31237346
30511162
28616956
29899983
26065368
27476082
28079785
27109092
32898850
27043279
27281026
27616761
27373718
31181981
29321845
27628237
33475033
31113463
25806763
31440232
28522244
28722116
27608682
32421608
31182061
26453383
26400765
28401444
29395705
25665986
29059584
28983688
26667480
25583357
26490106
32805127
26860629
25115193
31684692
30576754
27689601
27521735
26908594
25774444
28741217
29253055
28556491
27624572
26017279
30408162
32129504
33370193
26998683
27197069
25769269
29574655
28956180
30041221
33427303
27113639
26601819
26371287
28726172
30204754
28814855
33732250
31242136
32360583
32471407
29316950
26844858
33966986
32936306
30657008
32588588
26105684
27226400
28321171
30888061
29750336
34274050
27809711
30365156
28754128
25966439
32329638
27066972
33854496
29302324
31811820
28774564
27221607
26292077
30640556
29310568
33895414
29768731
32144089
30586362
26503103
29477145
29686473
30673769
28553803
28778779
30019814
25406241
31745986
27161880
29381664
29092707
30243806
32374421
27966830
29404747
27103788
33921138
25535069
30428268
25892369
34097767
25299523
28086987
32970328
27640943
31526454
26937872
33769555
29794290
29953167
34097768
29139105
29770432
25716213
27451091
31841171
31618203
25375397
33391266
32147807
26035557
32164041
25902565
26815254
29304797
27385315
28843576
31359820
27496552
32337708
29477251
28399161
32179396
29229743
28748176
32734597
32727617
33782940
33290374
33732251
32696041
30522060
28271513
33320346
26600623
26232123
28436720
32898291
33319916
31801180
25994307
26320435
26743506
30187450
32446963
26075617
32182637
32706097
29484752
28462986
28873092
33760909
25639607
32503598
27669047
29074120
26387658
28970215
32031676
30776081
33755189
28440323
32711709
27038609
33739315
25447976
34097766
25917981
32911280
26111358
32343794
25494599
32349600
31549506
28737843
28322440
31430424
26274584
26505485
30875082
26106013
29440466
33137615
32219400
30663217
32835841
31707404
27976370
26606015
25891501
28128465
30701528
32990432
32667275
31693178
28535466
30063287
26945424
34114965
26427629
28426793
27931948
32151681
33475504
29940604
25587186
31285144
28084431
28362061
27532796
32452642
29187938
25856111
25495886
33972488
30313066
33946650
28315797
33434219
30575956
26314916
26096902
31338806
29716597
29223961
32487794
29341878
34275565
28236310
30488959
30649460
32017845
25561247
33532889
26801999
26423743
26252794
34066386
33656734
26558621
28506421
28336735
30152733
33295296
27999023
28479155
28987709
31886897
27633816
26259818
27465008
26749092
31263089
26662178
28231380
32340735
28302925
32342903
26252373
26683917
30284239
26270746
25155167
34108050
30468452
29650638
33617159
29475039
29702653
30828791
26455659
29355906
32339201
26601607
25393051
26806078
32972108
26556568
25833204
31099327
31456550
34006572
26535507
27323769
30883666
31657732
29210769
29149474
30566763
28398960
27915460
26771164
31605306
32506965
28353074
30102366
33418479
31677153
26621943
26291400
25934300
30726573
28389966
25454614
25524787
25878021
31079169
29641365
25547214
30084181
29865900
27977541
28333221
26282735
29977532
32299432
29192424
30387126
33410989
30029628
29940375
28977651
28150415
32353039
30682211
32993624
29793007
31902139
28211296
33275268
33781001
28404132
29422043
29464690
24665876
26055128
29931679
28394084
26891962
29598905
27285450
31887790
33546919
30501155
32484259
28069350
25566754
33011325
29957085
31825542
25984923
33333432
30484286
33463834
25813753
32265181
30820939
32217932
27558497
26106870
29132613
29685678
29191597
33071102
31246981
26558642
33371062
29641578
29058621
29101188
32926406
33999463
28470137
25917723
30919163
29279101
24824334
33998673
27013662
32108333
28334435
25319737
33411338
28902922
30720860
31769878
29348322
27586875
30684445
27644095
28895257
31260048
30874290
27063975
29095392
31786810
33961715
32540113
30855726
29851031
26537150
33843008
28284020
25252595
30317669
29590375
30345878
31720699
28884961
27476628
34239277
28882727
28895526
28507368
33786810
26968789
26378418
32492922
25866139
32893292
32594196
25636495
28828758
31082383
27863833
26373874
27094925
32334447
31207395
28228457
26938448
25879879
27853957
29932455
28540976
25723574
30238440
29087112
31242253
30179768
26365045
33346580
27475877
27374000
26710932
33601224
33107463
26910112
29933789
26544539
33733486
27549931
27109087
28336304
28828761
28554097
26878327
30134910
30298516
25653510
30145472
29510815
32681745
33962662
34097764
29867970
33079871
28823581
33091963
26847736
26338172
28614956
27130483
31845757
33471373
25648115
29185258
31548079
30096215
29374754
30869157
27319364
31206168
28786098
25563827
26852297
27308831
30500105
33305846
33508989
26526633
26694949
33779986
33969896
26459238
25924648
25660145
33058136
34106467
29267988
29860482
26017576
30091458
32463274
31896168
31214829
30905573
26227095
26183252
29714615
25528972
30105396
25563861
27600598
26778150
30521688
26246011
26214266
29326185
30848830
27777020
26298465
28220587
26175054
32444047
32328743
27473776
27450506
31446632
27760569
30350436
27021597
27007113
29161458
25583566
30560579
30353940
33599990
26817914
33629404
31727088
26996760
31447651
28968486
29916935
25622306
25123531
27526703
33734431
33612311
28388808
30320466
28178770
32997361
26074478
28072460
30509186
27711973
28387925
31219486
33074323
33998664
33745183
29620793
26388413
25658963
29502332
27000094
29498416
33159211
26940310
34231877
30121857
29128574
26254809
30954199
30827037
26123045
26643244
25652884
30067867
32541338
34308565
33234265
28006728
31020777
34097765
29125365
26758576
34214894
25365707
27231797
30397842
26497056
27704478
33565123
32633861
25947646
33598915
33606079
27608751
33368142
28399330
28545155
27251175
33106053
28802605
33175411
29027006
31301048
33798664
29667458
26210206
28516472
29547153
26200817
30024023
27378490
27625054
25848246
28141912
27154175
32948454
26022273
34391246
27055154
25915588
26235732
32297561
34144478
31981471
34031871
26475434
32505014
31766937
33412124
32722436
33001024
32271946
28721691
33491176
26061709
32608505
26146815
25382149
30957590
28072687
30278054
26409936
26419832
30001229
33969911
31006976
27210895
26488559
33935136
29306011
26418128
32993700
31046034
26121003
31641979
32266964
30136733
30320955
34060667
29776519
30334833
29092034
29779763
33652638
26934261
31046867
30897573
33058208
32711672
28026877
26171894
31153989
34180047
25922861
27639188
31445795
26235292
31684694
31003025
27224683
30033623
26950232
27933671
30603079
28439881
33554872
32763206
25772741
33664710
32103400
29968643
27580199
26289586
33481271
29869797
33605224
30503938
28002636
30320443
26587695
28241090
26495910
30746689
34037180
30246587
25569281
25739845
26886189
33314020
31012953
27760454
27895363
31340323
32006461
25614153
32917282
31332865
32758482
30376155
34165102
27445630
32905623
34344804
33471371
26455722
29402125
32830577
30832898
33857326
32347984
28857441
27486836
26929793
31350192
27923508
25912596
31585610
33849080
34282853
27552284
33221191
30228786
27155783
27357514
26107113
26270891
26872563
30350354
33561891
31960723
28334433
33998661
24912102
33271716
26717949
28173932
28257559
27872981
30572525
30851427
32467491
30269044
33610683
28295308
30270128
34016040
32278240
26451092
28948861
31923601
28416242
30051462
33215698
26590358
26130264
29944163
32736015
26087057
26864974
29339799
29697879
25760158
26905229
27855478
31895813
29100897
33395449
29969521
30942769
32892350
31987639
31833405
34445263
30209805
34034905
30829399
29220541
31425614
32026667
23246212
26220605
27045703
32315458
31509277
31483522
28050818
33780189
28923162
32180014
26370268
34170503
33972491
26739036
33807980
32997325
31157404
28085183
34161555
29364066
30865283
28898403
28234402
28467215
28262916
26712053
31554544
27389360
32206863
27536971
29055102
28257555
29845595
31233229
28051263
33720396
28745848
33314078
30784039
33849238
32589270
27087257
30725578
32622003
27087494
26412212
29476653
28702956
29352477
30984383
33075160
32383130
30353945
27176676
26387487
34057957
26282071
27002256
33528022
33687067
30954153
26395901
34212918
33189992
30079809
29068939
32996586
34085287
32683695
27959472
30166104
26198715
26603945
27958643
29372565
32302004
30715540
30644096
28129459
25752469
26833493
29370822
32048270
28099749
32093823
31670621
27599607
32451764
25413984
29446439
26368271
26164154
26542825
27176127
28709588
25586602
33620086
32036782
30328621
26020735
25825863
32541156
26113274
29649058
28170080
26711838
32785560
34147906
29066333
33084362
26919512
31201734
26889740
29261854
28116752
32253770
30519846
26857947
29609592
28498079
33966903
31271673
28644412
33189429
28753234
31368105
32108320
27470313
31494855
26718728
31425581
32778276
25190255
28662875
33502002
31705429
29663328
33395953
26855376
25991068
29105079
30653257
26253129
26871982
29361339
32036827
30470656
34001219
30767747
30521693
26590387
27819409
33612810
26204241
30277579
29236286
25730544
30362287
33160609
30153336
25950286
25840781
29215487
28972025
25352353
30711924
30778835
32873575
30027631
29756637
31288750
30569545
25797410
29683474
30565220
30537635
27762251
30292512
29398072
30064155
32826079
25884249
27747876
27873549
27402110
28556185
30382339
28905677
26306578
31622897
32618953
30889071
26878400
31902043
33594793
33804522
27272351
26029972
29544413
28741303
33578903
28711387
26167474
29228916
32162319
32541467
28236186
30415206
27766563
31335215
27996088
27726067
27775812
31726277
31682188
26509249
30006223
29181845
26042617
28657646
28452408
30880810
30552281
26224322
27314174
26384333
27021481
28453187
31188429
32788119
26337865
28838591
28472862
28503723
30386895
29945817
33876300
28697372
29101722
27425375
25860562
26599576
30989836
25710794
33661539
29664159
25803542
31656607
27030166
25995113
29280695
31897636
30680581
25627852
25910837
25544700
32911130
28079043
33610443
32427424
31256492
31586311
26470672
27894912
33998674
27494984
27976799
32588435
33336797
29958304
29473717
28017447
27575957
26171903
30577080
32147591
32430603
27246259
29768662
31159550
32937973
28521813
30948819
32502127
26313245
28315298
31150294
28085995
33168030
30400298
31899937
29318581
32259290
30176183
31657653
30058699
28476075
25867658
31018007
30562840
26725721
29981164
26829545
28616881
31684024
26583517
30717706
33226133
25953970
26318203
28482868
27387849
28467160
25690750
33206374
26488938
29786828
27595273
30064687
27440765
33108965
28901120
28513831
29161465
33331670
30306544
28444736
31470933
33924379
25738400
26876281
32638318
30362204
27148683
31790408
31090474
28542796
29682541
32007539
29648479
26820670
26297913
28838031
30157125
29897100
33276295
29727304
28426638
29255934
33183948
26787730
32467101
27576879
30919929
30172573
30956227
25785789
31706958
30266638
33126293
25866243
31438829
32285137
32119112
25980866
29660949
27003247
30374522
29493042
32703757
28206671
27500431
27565848
29745791
29792131
31901972
31246938
30052271
27777590
33331662
27905673
29197180
29039883
29380695
27159991
29338786
28657160
27169520
26915340
33662300
29923184
25395479
27030300
27841445
32453133
34259762
27733017
28698305
33789811
29534303
34178920
29486376
26039678
31888925
31032602
30700219
27837464
30259968
32827744
30391216
25208231
28877246
28977687
28754159
30489330
31777303
28045901
29159776
32238731
24227791
28551068
26964506
28349511
27092708
26180255
31290786
26391471
34281109
31735456
33448349
34106639
29407287
31550707
31317202
32677037
27841443
29178265
29734473
29962352
27639607
33146995
28362060
25924806
27996293
29266532
26089181
25304733
30321910
29688325
27685321
30593396
28234829
29144549
26798030
33274641
29469196
29182797
30481085
29220126
29264901
28665511
33315052
30812039
30374944
26130017
31246094
30672996
26275105
31351516
32816205
29149266
29341071
26109137
28530031
31021553
28653815
27098439
27048768
26569524
28671265
33998669
34339927
27922722
31990980
32936062
31094184
29724356
26764265
25563349
34062209
30390598
33386032
25408384
24978932
31342334
25931277
33115301
28272130
28915870
28056456
29460519
25858345
31930781
32505960
29088274
28240353
25617783
26571071
25879093
33300320
32102165
32780816
26896623
29687454
28295159
32462740
27714898
25695213
33704781
27175854
30528399
33219445
29505787
26120804
30035647
31589196
26153156
29377058
30882103
31214272
25914907
24021427
26866343
28460057
24690318
32955916
33823925
33348436
27198629
30620055
33199319
33232518
27687787
27548826
32134003
32030656
26568232
32374423
28933516
29388196
30741023
33498628
26669803
24894581
29991083
30770139
31748841
31818766
30663923
32151106
29889308
30223088
31629865
30616300
31188973
27749518
31849153
32056783
29729027
26327955
30994788
30554997
32713896
30451708
28143438
30270121
30578842
33674280
31389518
32920580
27572719
29482778
25667189
28385441
32852688
33314686
29883614
34375247
27588829
26142651
31859377
29631636
30278434
29688866
28756647
26307025
26341826
30469123
34307279
28181687
33159263
33692114
30191554
26552695
33277057
32861061
28242190
31085864
32818410
31487382
28552459
28181684
32703332
29952431
30574604
33138688
28972280
32604282
32690747
30707533
26158731
27363946
31931935
32410266
33302158
31791908
26756331
33915476
26746328
33166419
25760133
32965555
25881762
31439490
27888640
30734772
29965790
25270108
31499082
28449088
31507248
30928194
32397946
31682881
25771479
29247901
24871935
29625261
32938554
33118745
30929043
30888125
31285096
25239846
29757454
26667506
28472259
29579788
29476390
33808118
27902849
30016358
26537149
27198753
26213350
30696291
33351564
32932667
25246605
33309890
33802278
33019921
32598920
30321368
32180585
31340684
29094426
29543501
34201734
26678804
30569951
31014519
29061470
29894409
33587957
32903221
28012543
32825699
28664607
25847525
29806652
24872353
28763554
34125951
26840624
30878056
32908097
31137817
27694721
33151189
27575845
30753367
30535270
30585913
26803377
25514677
30376350
26710059
28626902
28461227
26299715
27399981
28063674
25733495
29063585
27220068
31627978
29589066
26057835
29659683
32792083
33809504
28353569
28237875
32654349
26715764
29678327
28295158
25809766
25414441
34320869
33486461
27109143
28111172
25690301
25501880
33493913
27149418
29353561
34126418
32114568
27314455
32823825
30851418
26225689
25547334
31511128
32281512
30953341
32006523
32591634
30452624
28011072
29567339
29385438
26954551
29985545
26479248
31683060
32045028
26037025
26303792
32176055
31225768
26141572
33624299
28325268
29600889
30115972
26320984
30227319
26398339
26207322
30139303
29045684
32515613
30193970
31340048
31069845
25862027
27373109
28242292
29687536
26881220
31496128
27525281
32407468
26099164
26730878
32205574
29405509
30702219
25146713
30698334
31431316
30604335
33201768
31910634
28967407
25629804
27646016
26094766
28900711
31790756
27340741
34303292
28513067
31798809
25820640
26392218
29694665
30373641
32132491
28095957
25961835
28732054
26867004
30696060
27701752
29659780
32105719
27315412
30909841
25758061
31250052
28825929
26689385
29313744
27933614
26016669
33582529
26235733
26867640
26499822
31484059
31469680
30702004
32389205
28005271
33350679
26957856
26470674
28284039
30482440
28735779
27706424
32087508
28501222
30813878
26171902
25873071
30974368
29790991
29751147
33784915
34042187
25463998
33193109
29493019
30113324
27801499
31735069
31350138
26728940
29159875
28993214
33616252
28425612
28965131
29040800
26044880
33551490
25452215
26582658
30290968
30173019
26847432
27315082
27038134
25034947
31668104
33775346
30640411
30797849
34092692
33038625
33011431
32313006
31862206
30147443
30487103
31880287
25851074
29090664
26120023
27574910
27786149
30582407
26551360
29076640
27474103
28328658
24702945
25637447
28893478
27396647
25914906
29388687
28169852
32613507
32871741
34371494
30908733
32425094
25764080
29885385
30365666
28056035
31330553
28627523
27297122
33279587
29502352
32740167
28674845
28108845
32012861
30447328
26158355
31855197
29549458
33396834
34372371
28628106
24346707
34107899
32653857
30796777
33145974
26171900
26906131
31055838
32126789
32035654
29935875
25943292
25972608
33261859
33267535
30879854
29885371
33728570
30338868
25348434
29306342
30928475
33355075
26599668
28228308
33079410
33128479
32893656
27780492
28797460
26649916
34275584
29178704
29020435
26662198
30456490
31837630
29708010
32222443
26596880
31549867
28321847
26549405
29039714
33743545
32925777
33129458
32645324
31827344
26617074
32526451
31456578
33424865
30092749
26249711
27761677
26871937
26768073
26287983
32503586
32619910
28859081
32925913
31404047
28929208
28045208
26617218
31750595
32826308
26999805
29797697
32762576
28054338
33075140
29957148
26733018
32667047
25919168
29571561
32400196
26186368
29355548
32672366
32003511
27273246
28700086
31526845
31414222
30120641
29133201
28613416
31989444
30856447
28808618
34469862
31940409
33156253
32278050
30249925
30980953
28502866
31732482
33849862
31904688
30526299
34200493
28053147
28930587
32459343
27127204
26046809
33334073
32170039
30646870
32741115
29736696
34072304
34387773
32959365
32080942
34271512
32944987
26375790
31855308
26706479
32744148
33327853
30125793
28102748
28794288
32656694
32106891
29464910
28622102
28719639
25812601
25781037
33498883
28597983
27585598
31014459
30049244
30475251
32745966
26703447
25918921
29693726
29543545
33653615
31977503
28093828
31630473
31330062
31760593
34453564
26203236
27617538
31525532
26549386
31489176
31002273
33022455
27720133
27786345
33714096
31688276
31429161
25998618
34445740
25702915
30792015
31638962
29101635
28575240
31663919
25788309
28038722
29171570
27305422
32339731
26399452
31976588
28418899
25282146
30352722
26490760
30809996
31388981
30781462
29579587
34204504
32932265
28806470
32696665
29720469
25737152
33185587
33733545
32795116
26792275
28235686
32200434
30173377
29474107
31685799
34140173
25385446
26237664
32343284
27432490
30075361
26456877
34299403
31911525
27976369
31452489
34331700
31392915
30560707
26346695
32567798
33931097
30475285
28600975
29769826
28935968
32579668
28366020
31101922
33637070
28605518
31409133
30325736
28220380
32599461
31308286
31100044
29695201
33480113
33308636
31079157
33345357
32124152
32347675
32067201
34444208
31271657
33358936
27255594
26024885
28668712
31376830
29624410
27128815
32663972
32147147
26405265
29260468
33845802
33057378
25723453
33719953
31812966
24749800
31920204
31591671
32468449
31011833
32065103
33692241
27692138
32052721
32417701
31454113
25639312
33045966
33895765
30759140
32012377
32291647
27231544
32635915
27185251
32894248
28534221
28065388
29412431
32657348
26946253
30339580
23917647
33110569
30261428
29241263
30930358
27577042
25424331
26411750
30080060
28032336
26048607
28707751
30582966
28823102
30668177
32301359
26805779
34392010
26983641
32471131
31289948
33595790
26323415
31710377
32196885
29562381
27818086
26424702
30048211
30841715
32445045
32109508
30019879
30740725
26992486
32442559
25815707
29806753
25860404
31046726
32657828
25274488
28687562
28885035
24846079
29247284
30213235
31401074
31326359
26388491
29859017
28433263
33887077
28837801
33507436
26295800
33040284
27769204
29385992
28964299
34477098
32919920
34397829
28349362
32575159
30644652
28442299
30834517
31083327
32613403
30010957
26941276
25736693
32605705
26998794
31274257
26735234
25599243
27455345
34407752
32434060
32149464
30935560
28104626
33757165
34352615
31846220
30608450
26838086
25015927
34055123
31782521
32192585
27628920
26590379
31323394
33530696
33570249
30606263
29127772
27570870
33996712
30917923
32323385
29715597
33902044
31203508
32275101
29414594
29302180
26281022
31986154
32620385
32057101
34038831
27809746
29305060
29498975
26680308
33738930
27770442
31669116
27666813
27168124
31008871
26121115
29253366
31487726
26849039
32867728
32159849
31623104
33234728
30466883
29036475
28893540
32673671
29552735
28952436
30129530
27686575
31196062
25811419
31038197
30419494
30940523
31356849
33028463
24943654
30382465
29695682
29995715
28074305
26284976
33661538
32844880
28242442
30246316
26754969
25936939
31743252
33412360
29995716
29621025
31797794
30040816
26695736
33852246
27767396
32854429
27966836
32824149
31151318
27139915
31327257
27943261
25821151
32205287
29346480
33958294
25392972
30563472
31611554
32823627
27538777
31479540
30806160
31718855
32246790
34070882
27784213
29570739
33030311
28610676
25744563
29676497
30139905
33804487
26625212
33462935
28738696
29065126
31899281
33406716
26013745
25608574
33110580
32907690
27647053
31710633
27580678
28541603
31301114
28819682
25321949
29556377
27508396
29505103
33372265
32619165
28527027
29952688
33479207
27387925
30477450
33674110
33249938
33868163
27539514
26100571
34203105
26351529
33930416
25503259
33874991
30161044
31677331
33630105
28285495
32048785
31564515
30085345
25680547
26810785
27986099
26476798
25556387
26621002
27401368
28436336
33765359
28869399
29168225
30618335
30853167
30408516
34202247
30561407
32409618
29587829
28472394
28114727
25756045
27454387
33037042
25131888
31021380
26004437
29322861
26273799
33476816
31617635
28438146
32004097
32301874
33652816
32994637
25202884
33289307
32703254
29575965
30870370
27977064
26382216
31839897
29879426
33920572
26455945
26325378
29160642
32111215
27409986
29271563
27150280
31344607
33267676
25932968
34022925
33206392
34027869
31802206
27733271
34083053
26244245
33452591
31158534
28535811
25794485
30119845
29770577
27317501
28439845
27286289
32138799
28836556
32438700
30012382
31451958
30864243
30422064
25671598
32145657
26969567
34078484
28099713
30866083
30328707
30045416
31299358
32639439
31581356
27756155
32649655
26076709
33582584
29597338
30684673
27893670
31820373
30152076
28718682
31881167
27586159
28393409
31547705
27907205
30246878
25891946
30743035
30557657
31987104
31109891
31476712
32522713
33645505
31639522
31889220
31748842
25995240
32149868
30119634
31045484
28419696
29621721
29157959
26450609
30521856
31931808
30388912
33780075
33168520
27923793
33616046
32153133
28650981
28859711
31123829
29173650
26250948
32403029
33914628
27814432
32321683
31702639
34539642
34444025
33519191
32504585
29860671
34072914
33291106
27346886
29699782
33070543
29130355
29359241
28523994
25677107
34095049
27325071
33095928
27816294
32972301
30088027
31109383
30879561
24874522
28658507
28034358
25637717
32804100
26980200
28609439
26733629
29908912
32240516
28407508
30526083
32663831
30671941
26615345
29667256
25790208
29566000
29165683
29468640
31741184
26204167
31880581
26778530
32429439
31291873
30776538
32147041
29970199
31130470
32894257
29324479
34018336
31838868
32780584
32053758
31832265
31527854
31397485
31069067
32203965
32155096
30229998
33892507
33147729
28463618
28059933
33119678
32155272
30316085
31479043
27169866
31975385
31315665
26754030
29508152
34331699
33143171
31880953
29673580
31464000
26784573
26447056
32190978
30768569
28218772
32493388
31823103
33670878
29884191
29956100
30977878
27748058
30531955
27782962
25847404
32480220
31850772
32811468
32393845
32316756
31506796
33842424
29033034
29528368
30148542
25518994
31302190
28836092
31197695
32817204
26577971
34162630
34072159
33371949
33521972
32073617
27282115
26003655
30006858
25994331
25853864
32785814
29915122
31387257
29389829
26103609
26188686
26785738
33421260
32520210
30012782
34477815
30999090
30268108
27762036
25830527
26571166
27217216
27829523
27715709
31778604
29168926
29260263
31929166
32014902
28939140
31241517
30476004
27381212
27095508
30621377
28000158
33175959
30770979
30210012
30828765
27557994
33965565
29907109
29863941
27894943
30968746
32964987
33839889
31240575
31177426
31768840
31990913
34218048
33525042
31416927
26545793
25636596
28064423
33539569
33096218
32564888
26507162
33153179
26180256
32549717
31860473
32889582
31054490
33627603
33287833
32789532
27870918
32046207
28549399
27605006
30587445
26497395
33916087
26354048
31404063
26000512
30553758
31313714
31624902
31394923
32553455
31536748
29176333
31544137
33487174
34320057
30955381
26943923
29196573
29122104
28298219
27342987
27681493
29202565
28219420
29789980
30322815
32815755
33672443
30547957
28569436
33025403
26743165
29544858
29293923
30818310
28853215
26695493
31740390
28290394
25627663
27138591
28204554
28645463
26453929
28350426
29182649
29580299
30854970
28501048
34003337
32340082
32599800
26735585
27475770
32970532
29505879
26633647
26266349
27767216
31340682
26884421
30630176
29575857
30465318
32418894
29484899
28290931
31295367
28864395
31364950
33385384
29390976
25829431
33044535
33580485
32507438
29544584
28740938
29511672
32648817
25430397
31657692
33673529
32080154
26714264
29947348
32843159
34321173
27642019
32881590
32560936
30938415
34038195
31375934
26426314
25189166
32987094
26713980
31039281
26044578
34091934
31082864
26904683
27275844
31564007
28701023
31404048
29423611
28368323
30191852
30573195
29023166
31439534
26378360
30462648
30904955
28332236
25524323
27306376
26353926
33744052
29922762
31377873
30486705
27825938
27215830
31410520
28960535
32558137
29931254
30888060
31246734
31165923
30157089
30754962
30360659
28847021
30595145
30531161
30299200
34011279
30561133
25386699
28487459
28815436
31307276
26410569
28679157
31935458
32324314
32554299
28792235
27749806
32450946
32663651
33165729
26168154
31997406
30892801
27020622
32164776
28645959
27413626
27583787
33050119
30036496
33369686
32349154
33476072
34347011
30907310
27672729
32039467
33989945
33182508
27586845
31087546
31144197
25701221
27023558
31451851
30830711
29730631
34174535
29582130
30986562
31727401
33452599
33806082
29608495
29083268
30866761
30470438
25074725
32231387
33076302
33335879
30971311
32708570
33295239
26894802
33444211
32157657
33175359
33272315
32476298
33129331
31888673
27687240
28836281
32035730
29759000
31588832
29766207
29752802
30948836
32533303
27168118
33892659
30663916
29436288
29907482
28139368
27301747
25845405
25908428
32535833
33450464
27836706
33594845
32249534
28095943
26767405
32033387
28787628
29747930
33300115
26452438
30489537
32512125
31785608
30683247
28870110
31670644
32211368
31739404
30475989
26889614
29128525
32298502
32868555
32058374
31242862
26716840
31557628
31919796
31299504
28082417
26545308
30744514
30821627
28391430
31529626
29222877
31542787
33310306
24933711
34099329
28217818
29510803
27206852
25733080
31596632
32159770
25365699
28670710
31068748
31531971
25795258
29089202
32043613
28195451
32355046
33405078
32772754
33839371
28805578
30982785
30893458
29117010
32295936
31135628
27317330
25572641
27043372
32865650
28801031
29036839
25905552
27449996
28134400
25629996
27517155
29703590
32114166
34081010
33386039
29474174
27311907
33244229
29916049
27613645
33270225
28681962
32242910
31851070
34340900
29461307
30011032
26087760
33870878
33576167
25794627
32523319
28238678
30999965
33965176
30895603
28597282
30526243
33932737
30462555
28481850
30467055
33408693
25462090
30078489
33032798
33303409
30003896
25737049
30932202
33409831
27842552
31569742
26655480
31056160
27924463
26867668
31958445
31927680
30246741
33976085
32779938
27777316
33512572
30389756
33063819
32313171
25001320
28265847
32044290
30847653
28168759
25248364
32841811
28968629
30690412
29916302
30407107
34331694
33016059
27421717
33092804
28777965
31804684
32376383
31451923
28859487
28164284
27173653
31041601
30831234
25667194
27422480
26680588
31547379
32888348
28060001
32361732
31387949
28483820
29644887
31034935
30660478
29157310
29174429
30649014
28213190
33177799
28186925
26808035
28594462
26599212
34022590
30243154
32607079
32706087
29924669
31054373
33615536
28550996
32054474
27531721
30005958
29548307
30316619
30583128
32571285
29299879
26058916
31042278
32007842
27192464
31612830
25659066
30536109
25969152
26940884
28974409
29251996
29054093
31188855
30014743
31318109
26816219
29696428
28044281
31332397
30218798
30557228
25678186
33320014
31881339
29173117
34407779
27929751
26430203
30623595
30791842
33909679
27253901
32569088
29469759
27330027
27693273
34152277
33822953
27334758
32903210
27688299
27555208
25974255
34331690
33569041
31319467
27746159
32117050
33571533
26895824
29301610
33610583
31777283
32820376
26196222
26087756
26872856
30937163
32799320
25350484
29940073
25723482
27612606
33084181
32679608
25995075
30304147
29107356
33395711
27296358
28797657
26008721
27890023
29453201
26991246
28025173
32434551
29278608
29727913
32951589
29764784
25860572
32703067
26842309
34038762
28249256
27938341
34252832
32930395
30270196
31132891
27601037
27509019
29041034
28193598
32098530
33707090
31128878
30780153
25734983
26140658
33287235
34320942
31994842
28959069
29268957
30287413
34105901
28098789
28002910
27033590
31243067
30741752
25620498
32820247
27678390
25461412
24478269
30171377
33986900
30544224
28480783
28600812
27008252
33305454
28351568
25793197
28768328
34109400
32893956
31689839
32576766
31033407
31302948
26349810
33397302
27114191
30786087
32300001
32736134
31218957
31524637
29634772
30004114
33136964
32122460
30950905
25775428
31487757
29344839
28594339
32710453
26356242
31865891
32147050
30959950
32531099
27075582
25941188
25694489
30335041
33486594
34149692
32435806
30172610
33630354
28918099
26329506
28416002
31767450
27836142
29281865
26028628
29274129
30548018
32488942
33044529
30919537
33481642
29146757
32041668
30367197
33246269
33010433
28814261
31551381
32229700
26607059
25884172
25655371
30905792
28746752
28970314
26456948
28204481
33451883
28033157
25083763
33526095
31831544
33434765
29895339
30551865
27998510
28870085
32657208
29033273
27672078
26477804
32520684
26879592
31041704
33059657
26132993
30371344
30687894
31504084
28831821
31247156
25337681
29614234
30223274
33757512
30373405
31227280
29309797
32851089
32989450
31900482
32295570
33989101
27212700
33139236
26058965
33677403
33031605
32302727
29245188
28699834
34067286
25626481
27706898
32810005
32423928
28276873
31010176
33666912
25466692
33347062
33787510
29210462
25879694
29444718
30865948
27120778
30904908
30470214
31772681
26632766
31330326
31333115
31665095
33222252
33823002
27384135
31567833
31191751
29045247
34071098
29703717
26286704
30028111
32409331
31319893
31113237
32202343
25979118
31605681
32868174
27148880
28689664
34325098
31126753
25467599
32800941
29453695
27323296
27862048
32567677
26637212
33128840
32996882
31369543
28899800
30653785
29788483
31452191
33423411
27322888
31879263
31526113
32341100
28654197
30589748
28585054
26177561
33591593
30818033
25692720
32542014
32050962
26350571
31278826
29474746
28343455
30593550
29457916
25305402
26479307
32341086
31836937
26968058
31813620
27824596
31103106
29202560
33419417
31626658
31075554
26763672
29742106
33922527
32393208
26558538
31229847
31837440
25547335
25788322
26652249
30943983
29292109
29984541
26589702
27159501
30771451
26897122
29890962
27443591
31954635
31935499
30387891
30222075
32352976
27211899
26511625
32842642
31703271
29154465
31598714
29911506
32778421
27101544
33122448
31096463
29136166
33656735
28084646
32191264
27480977
26912127
32652029
31580040
28169196
25546573
29316546
31278744
30739887
29309985
30915936
27638035
33851878
30311394
28498849
28315581
29058090
32348208
27749997
27387850
31900002
33326429
27064786
31347992
34297546
26369370
31843272
27983969
30964372
30295379
30341160
32479658
31470684
28355365
27568340
33947828
29486240
32663743
31655187
31819991
30813205
30454908
31673335
31935738
33423557
26375519
31264186
31153715
30109958
30102073
32970002
27337185
29222879
27741401
30529860
31409420
29532184
27472695
33083874
31821279
29724233
25990062
31291326
30273683
32841704
31640678
30639081
32924957
26416669
31763966
30389451
31433493
26424420
32246230
33342426
34433592
31013137
29384813
28795404
29909569
28040084
27614962
30914173
31410442
27981906
26588796
27671490
31331269
30010696
30419605
26067357
29546855
27654739
33710177
32805583
29025610
27079584
28129262
31669376
31290788
32503088
34043122
29808765
26666580
32343850
32438092
30354754
34246194
25581134
34371891
33285684
29787414
32187045
27842178
25879758
31587819
30264171
31429388
31571265
26620157
33683758
33780015
25432917
30626433
34530739
28693795
26093662
27872025
30550839
30499920
31570025
26610060
27537505
27459860
26106040
34444056
32899046
28858028
31782132
30541623
29437116
32501962
33886584
32951591
25887348
32871860
32161960
27198728
32898384
33181341
31570638
33215341
33220152
31786053
26996089
32056529
33490007
25758120
27833921
31445986
27575954
29288174
25781421
30782186
29468835
29578237
31194882
30920311
27873009
34256742
27495791
30968818
33360232
29424187
25858081
34371836
31356219
33414381
32652497
26165727
33119791
31718338
31907078
26606434
32078932
29608458
30107028
27900772
31147846
28125765
33378346
31046161
25550406
25830389
26900829
32783874
31472176
31174866
33175229
29110704
32192920
28673335
32127826
33609022
31588033
33368604
26992842
27342080
33143482
32530396
28978239
26058964
32857954
33287770
33065577
29732994
28378502
30544147
32309433
26656031
33860541
25989337
33566899
32784771
27566420
28756722
31744067
31154582
30321922
34048459
30537875
31511020
29126448
31833410
26690505
32646669
30846250
30995531
27864289
32111672
26901651
30612705
29454133
26043710
25964290
33444207
30980204
30503726
32710178
27240869
27323854
27237079
31127283
28472619
33863527
33042023
28451778
32712929
29726847
29728079
31313139
28101776
30274883
33880750
32430782
33299771
31909464
32943637
30626212
30259714
25246442
33430001
29687346
32813405
27755206
31292854
26051244
32557938
25110152
30844793
31631822
28874325
27119792
28462787
26041493
32703736
33309412
33065409
32952347
32100584
28411001
29128777
30269080
32469854
29446109
29735513
29495081
27581172
28580530
26092389
26045206
25575851
32303469
30829576
27256250
30680618
28178990
32150037
32571086
31111956
25220350
28413135
29764368
30909202
29848342
28234845
32425036
30388882
30843960
34344435
31317794
32481301
32001346
29571913
31898403
31988594
26861848
32836004
33332183
30366236
26268576
31419951
32583051
27558956
31832252
33125684
32012048
25638736
30125048
26090917
27518543
26490254
31599959
33008420
32459450
31872943
25552586
29654890
33334702
31847884
25923534
32740196
31249382
29218437
28613003
27385603
28826653
33155997
30973598
29439755
28549119
34153897
32476796
33864724
32039743
33516185
26724855
25261223
29028957
29381999
27941417
28898930
26559801
32800686
32794041
32720819
33228672
27475754
32547015
29465747
26620831
32474664
32512711
28781147
28987866
32576946
27931023
32320055
31423865
27889224
30830327
31389715
32093572
30412622
25777665
30407233
30191305
26853214
31365482
26028651
26573043
28784616
33275984
31284708
32747182
31085075
31792575
34371840
27633105
27742819
25289705
31200770
32024532
33547527
33808671
30489505
32947471
31960218
33754609
32272396
28178905
28813522
32546683
33722228
32014038
27312814
32858563
30485578
26798057
30665668
25321320
31226450
30134740
33883500
28590211
31262618
29412188
32951596
26905631
31045795
32179975
30660981
28579766
31541233
26130018
30548740
27488917
30219089
30136103
26037617
29657082
31520798
32718355
31689712
33126078
27737490
31418040
32275233
31431056
34007170
31395091
29992289
34085713
33064683
31483237
25522182
30497526
31069491
30779500
27436195
25609421
32896632
30771194
33862334
31973545
33604025
29940996
25876227
33956036
33573844
33098759
28120769
32224046
28030811
32417686
31358072
29708072
27217156
30509451
31796012
33414057
28502256
28721822
32179205
26208801
27709229
32187653
29064090
31648907
33402608
29255079
33017599
31576953
30667118
29373836
30053912
26158919
32641059
27081708
31276598
29889978
29435567
32461184
28570745
27097810
30153572
31116878
25758373
30008075
28970123
28185884
30558651
32916580
33263693
31493034
26545363
30854568
30003491
28152992
31214762
29232703
33969962
29029833
30355344
33754623
30599428
28829198
25502451
30909100
32621033
29677972
28820689
33298051
27800070
29482518
30968949
29133004
29787385
28087544
33507135
29908034
28007938
27082966
29775958
25864727
32727508
30025222
30522958
31408256
24946179
31954722
31728513
27228271
26981590
30823595
26607275
34198255
32602945
31419948
30661183
26282400
31225678
27450974
31006063
26256703
28782838
30782896
31036692
30486826
28017547
30085136
27579153
27393285
27629406
29803577
32352646
26527612
33126922
30264755
30716070
27169856
30946328
30104545
30017685
29468529
26045358
31375180
28207331
32348210
34458372
29161335
31805646
30554418
27348228
31959170
31473666
33529945
33009739
29737221
30121835
32638635
30628932
31542246
33604721
31173336
30237581
30411362
32869479
32919462
31546245
31594798
34243941
26728005
31319182
31530592
32122313
27156746
26210237
29769294
30521155
32891832
30140435
32734748
31831387
26718789
31301971
31948935
32039470
33352740
31353233
28099233
33813117
26901358
28843425
27160932
31599787
32702614
28702868
26169756
30195833
30609179
31561894
25772369
31248959
26407315
30711618
29558894
27526051
30641200
26333888
28388919
33423207
25284745
31517846
31051505
29623672
32157635
32879962
26940158
32449944
31039272
31455360
32924964
33175450
26853680
28508438
33437461
29980456
33388249
29754832
27207572
31335680
31437019
30801132
29945001
32878486
26173799
32165296
29042299
34166369
34242327
25228631
30521695
30892725
29634515
28823248
30102235
33952434
29690878
26049260
28643435
28296146
32995854
30207227
26725134
28817489
31005719
33882967
31913534
31555878
30779516
32652933
30458857
30444561
33933633
30142943
27153153
31136527
28778688
27073900
30289078
32962207
28427453
30962102
29954001
31950339
32433987
33245286
28366835
32844821
31273072
32776866
30535397
32503559
31955912
33462760
32748334
33789611
27545093
31557943
30947625
29554972
26443336
28145790
26692115
27002782
25937405
33036647
28541262
31612510
27390837
27187381
33336776
28235214
29101082
30928304
29112487
27815682
33940332
32783113
30578085
30635012
33303368
30404576
27236587
30594197
31685019
26658564
33483885
31200890
29258734
26335935
32476538
26177667
32428763
28807987
30601584
25927591
33120818
24917589
33317909
31309979
26875107
33321326
31560864
26037993
34205812
33611653
28693556
33060304
34371462
26810220
31811676
31648271
31426010
33806100
30496635
34083034
29248034
26247792
26796832
31370886
31690349
31479476
30699859
25684016
32414787
26031647
30963977
26346512
30217648
29044482
29135862
27532141
32104907
25965233
26409791
28376833
31071199
29632661
29111342
26563483
26179087
33831507
26999757
32690051
31873864
33051730
31777034
30455516
31151811
27607446
25805060
30324321
32515313
27338436
33900798
30497464
28615004
26628389
31845187
28523968
31441079
28655308
31919793
28363421
31662159
32620715
27228510
31791720
28430673
26751060
30239277
27836415
29723203
31832579
32683335
33908890
27151956
32441160
25265974
32551814
34046659
30815027
33794347
31531967
28733760
32112253
27432451
27048480
32668027
32759380
32065763
26840568
25644240
25919403
28330453
26464100
31583431
29253348
27189588
30723895
29022996
27164308
27635751
26942258
32306277
27898727
32084134
30589987
31119708
33565989
30927063
26044634
32677939
33388073
28847746
32853663
31437681
32886470
25749695
26970760
32736494
26589595
29262864
32377167
29682791
31256222
27345338
33485973
30439747
29288097
30679048
33706109
26836946
27639840
26996812
29723827
26515897
27302545
32698862
29606162
31035207
28906273
31702618
26809272
28598915
33298015
28068454
32721652
30122155
33289311
29429372
26310793
26188920
33320867
29454538
26358913
33270305
31324677
30350189
32428713
32442031
31503327
25890624
33529745
29303386
31944175
27623692
31133059
25869631
32912726
29977926
27339615
28801184
31567404
32609548
27353220
28035585
30831472
27107610
26350784
27189050
32827653
29921680
30594472
28604117
27130504
34155533
32689953
29103053
29525140
28375864
25575426
30916741
28193397
25892586
25616950
29410162
31948985
26079306
29530102
34038422
30142817
26690687
25871671
32895355
32217559
30879038
31545660
28330573
33570583
25631715
31586659
33743082
28554665
28412993
32493234
30267951
32702034
28763500
27494723
26658657
28635354
26319260
32870944
31311605
29124956
26329648
33849616
29790845
25781697
30286144
29971804
33025800
30813152
29597010
31905489
26016557
27841444
32825593
30624597
33810225
27016289
25564144
29731623
33352607
29171109
29249084
31301229
28183310
30396854
31233536
31471448
28387881
30332840
30915958
29453860
29682903
28111121
32556807
26431129
30390661
30926447
25840040
29024348
33845413
32174129
31350949
30177015
32569265
30339674
32994372
30390883
27893664
31092312
27798989
31349390
30947743
31941000
29299849
32412862
31073685
28399889
29135720
33068595
23815434
26685692
32138721
31246966
29493005
33253979
26417784
31369567
28669130
30791576
29929152
26624881
32028026
30555112
32723622
31711676
31018568
32807300
30247642
31014679
34167510
26767317
32629225
29916134
25830711
26666581
32159642
28138861
31562000
31556508
31455569
30321684
31567526
31618959
30061509
33145983
33495880
27388246
32877230
25449462
30511804
32176440
31786391
34204051
30198445
31066916
30194634
33119344
31407098
26758269
30308067
33085717
33189037
34416856
33129851
28661961
34029839
29763510
26077639
33555259
30173059
31603294
28147262
32442123
30347291
32602420
29020436
29175055
33774622
31492632
32872551
31802882
30637728
32589125
28212381
29316189
32500262
28121994
27720534
29945565
29390172
33788342
28472200
27912886
27718643
26372087
26911544
28485814
33755191
31904530
29330754
25872521
26954446
30878347
29527677
27102983
29785937
26474596
34294076
25518005
30572493
31845396
32030442
27552363
28399427
29283434
31127985
29088258
28875830
27605127
32278733
30341509
30235956
33808504
32028192
32958032
25633894
31822960
27592044
29419622
29357049
30758840
28510792
28000919
29027644
32451808
31856889
32860259
31476766
33155274
33119733
31136594
29474724
32474949
28720371
29687336
26225677
27133502
31106715
26455943
28486682
31615571
28086887
31834507
26138824
32725382
32183147
27353598
24521072
26398283
27376500
27551978
29978192
31669245
30419059
27500434
32283414
31858178
28481682
31021977
31432991
26775003
31389190
32009606
27755324
28968484
26109428
31361914
25918998
32043122
33166346
27225151
30382407
28715062
27532657
28582495
25512668
27716238
29118265
29370431
31372935
31339557
33054718
29580649
29069503
29373292
33825689
32800069
31863839
33736896
31597674
32153161
32119682
33236783
30376764
29543606
31744013
32564936
30730549
34302637
28860743
28349771
32965016
32622767
30099593
28933523
30146746
27996221
25896573
32981331
31901983
30642644
33116036
32888287
30861511
28631805
33267894
30064257
28604080
28975397
29470115
27673426
27487116
31455297
28324260
30204670
26455944
28945755
30305154
31301689
33231669
31989338
33595833
31036500
28482329
32063197
27557747
32481324
31232889
25816039
30653130
27928841
30125532
31331281
32580925
28381227
31988586
29128328
32312637
28068335
30657055
27914110
31678312
31045799
29897915
28277820
26478611
29680774
31607428
29318514
30558591
31285130
32391954
29474713
26994452
26447055
28719270
32065376
28902004
31071321
29232988
30071052
29463003
32524428
27398809
32683296
33172748
28449971
26671954
27167905
30675682
32343424
29378443
29737218
28620878
30627977
33534786
30973347
26573850
29150479
28822657
28162764
31950130
30349217
28040600
31399495
28740354
30580758
32684351
25908033
26156877
32962761
27532317
29017005
31261131
33282225
32257153
30421306
33514421
31767370
33398681
32422545
32808807
25639826
33246908
28977689
33427404
27068863
27605952
32521055
30203666
27377962
31391221
33217082
25583746
28279852
31567175
32866499
27327400
28475181
31865807
29797578
30643818
27036120
33190738
29479954
25616122
28148230
34371951
25847019
31726982
30188565
33388237
33549156
34425242
28651475
32348300
32798670
33529984
32357872
34260778
32915650
27516097
27434597
33630833
25483518
31917143
25963067
32459138
29347916
31173814
32417675
29766349
32049778
26274524
27436163
29486048
33711580
31452386
28653246
28768610
26474355
29122433
28902129
32325096
31708071
29673941
29370683
25794009
27729114
34259337
30151599
32178745
29467027
29808958
32323167
29121859
32023929
28741102
29694684
27037198
28961722
32442476
26927697
31038735
29924388
29699963
29145400
32332593
29291955
30357304
32756565
30851178
29522700
32316871
26298178
33249338
28516442
25922857
25794053
31981834
28666669
28167593
32623730
33596448
32842164
28735823
25851427
29995754
31705988
27169895
31198991
33973648
31652190
33278916
31483458
26049687
29245233
31475302
31898332
25756542
30866835
28754837
33348427
27802478
29960160
27596720
28485090
29508509
33607082
26765068
30694200
32822948
25715669
32057596
31802225
32959914
34372545
32028937
32131753
27098640
32335853
26254000
26892495
29916559
26282194
32268860
26965039
25656252
28317592
31237649
30685784
32302949
26969306
29790844
25998016
33115474
28881894
32814591
32504302
27407055
33513924
25874378
31496442
33035150
28266114
29304272
31846019
27086591
31528101
28575919
30125338
32485509
31296236
32226011
32558916
25822439
31660880
26477843
33635922
31633858
26883849
29260508
31820204
29016774
27045257
25706039
31808946
32731009
34078305
32081493
32527231
25768874
28414969
26906121
32544146
31682989
26951998
30287313
33051983
27198469
29296160
32294057
29795067
28058593
30051279
29653717
30339142
25613473
28732037
28770975
30144777
31706338
31997312
31878983
26237626
26661846
28755440
31678109
31574901
31390112
26615071
25439746
27992990
32609374
30473253
30012630
29482486
31810386
29510819
33887489
32526061
25579159
31984540
29030654
26391139
29869683
29928762
30422198
34247952
31055832
28461147
29845661
25644300
31640606
31684693
29072172
32972503
32664096
32226008
26057287
28374884
31274189
29846169
29390315
25987509
31102534
31881273
34107053
33760235
28816877
29573031
31648977
33468226
31128897
26642314
26530753
28202065
30472292
32246995
25844628
32096857
31188154
27416073
29845607
31450185
33051445
28631310
29896633
33576818
29910103
31067228
29338767
32075287
26571418
32918943
33630892
30145093
27931088
25686158
32600882
31097167
32800270
32495918
32797938
26900097
26299991
28667498
27824657
25732608
25515780
29157060
30126937
30181423
31935139
31318873
29796931
30633358
28192790
27730309
33757133
31023354
31563566
27301867
28853146
29205275
32321692
27889922
26426629
29331855
32074269
28822664
27439110
28199392
27855720
26194333
28177515
33687995
33921297
27811198
32224633
26934429
31783920
33331663
29224044
31417673
30635915
32293807
32480296
33108647
30562409
26455613
26239041
25675254
32239759
25595725
26598385
29310972
25812051
30824369
27109425
33111752
27635753
27231038
31517833
25218993
31201483
32283980
31132142
26537987
28508739
29960111
29462500
31335963
31077334
33656543
30005618
32531620
25879106
31205033
30238315
32659414
30400791
32482250
26608114
25785555
33986127
28085732
27510721
28829533
32027392
33474792
27532797
32282718
31831519
31521064
33007679
30672349
33190794
31271656
28455948
26695425
30113083
31150100
32408200
25967924
32762579
32265220
29117629
31149734
30561398
34090173
26907206
30801278
32768543
33580495
25467996
27339873
27668807
30999387
25556592
34255351
28245346
33090535
28860416
32431715
31211405
28218404
32687629
27669628
31044336
27770275
25793582
27297341
34122351
29119547
26802296
26470875
26881484
30674603
32616405
32495338
26513331
32960976
31309547
27400856
26315965
32844430
25847633
29710140
27894681
28341023
30489630
28745394
30140883
31111960
26931051
24313970
33684575
28812541
30004571
29512818
32691727
30070364
29431459
26221993
30122876
26899263
29333935
32259279
29767700
26447057
34132199
28862335
29595644
34000076
30594291
31746482
32790019
27258214
31057537
34397099
29454844
26331392
25623303
27374001
30682026
31207394
27149269
26454266
31329285
32224614
33907110
31120142
32719684
33285697
34049422
34260060
27777118
29308828
33437211
28903473
26845288
26467769
28255613
31032883
28124411
27135404
34003220
34231203
27813685
29069037
33914820
29039969
29106702
28619124
27501933
31128077
32912050
27879981
27034016
32436994
30544333
26086959
32885841
26644812
34398965
26323045
32898300
34387363
33048568
26756737
28447363
28333356
32515820
33075574
31476798
27301744
26293406
29938790
33812037
33765040
25646679
26822633
31386140
32619190
32324507
31499593
30138549
27455388
31940000
29148566
29946734
27556818
34425019
25639319
30870331
28958002
29664187
27490232
29392650
34398473
29450530
28122126
31463964
31498421
29998494
29074409
27033167
28499220
30945275
31476253
27567593
25539954
32087558
26550958
27637175
26465274
32067605
26305465
31982807
30871469
26545165
26657246
29551015
27182693
29219937
28230027
31261359
31532563
33090824
28064440
30461628
28340144
27078125
28982219
25633155
28931202
27841441
26880182
26196545
31517988
30668210
31994634
31314143
28170093
31609640
30680607
29658630
26751953
31479143
30759311
33625741
28072907
25697765
31508807
30508190
26055616
29155436
33759192
30091146
25921027
29763969
28077036
32816320
29851032
31554017
26436678
29746721
34282603
26859673
27432420
25860512
30095853
28488366
28409830
32761813
29546732
31644605
28967695
26412667
34224134
31664608
29808027
33295032
33721319
32700364
26953932
31888544
31083100
25459208
27422779
26863501
27449659
31125448
32928991
28850172
30211952
28102546
25632881
29946209
25803543
30299344
26991726
31181464
31851608
25926302
30633174
27020472
25978975
29100083
29330882
30196909
33341943
32787763
31318037
27499538
32970845
26140518
29161702
34166019
30125049
26352584
33744269
29740819
27108216
29081331
29750779
26598969
32090306
29043538
25715971
26335804
32008578
28086223
32846837
33545937
26102272
27229113
32634428
32759893
26132597
33713093
27998319
32783836
28625102
28537954
28950871
31692200
25449558
31309536
27802351
27160398
26945395
29018068
31927652
28445975
33765692
25921125
31132298
28992534
34378743
25950374
31564275
29362595
30912259
32361971
28364286
29484770
29211787
29378530
32164758
25596080
27936979
28447858
31475867
34062472
28801929
29539643
28738443
29987845
32797398
30114624
32189441
30197092
30450787
30052621
29901620
27420959
33409819
29745347
30545527
27273405
30670267
26858257
25961373
31540844
31423902
25823789
31220871
32964030
26927948
32020080
24901298
32633856
33502003
27064256
29137544
33517845
27686524
29278884
32740695
25911083
31759346
30036453
31085013
32791667
30308311
29342116
28232943
27976517
32445893
30024543
31725628
28233324
31532532
32070153
34242636
30098021
28460479
28906084
26571329
32007711
31470176
32329563
26713460
31253537
32615008
31601592
33299860
32155831
30645598
27632935
30389299
32734437
29228435
30967586
25728541
26555430
26758375
29191640
29805084
32649238
25317717
27530185
29699733
33036704
28436019
29534260
31850700
32515617
27652354
28562550
28064151
25742072
27846073
33243115
30703382
30639453
33593830
28629230
26634531
25625257
26600520
31746533
28036285
30339136
28779487
26808045
32865907
30196755
27898363
30391989
28196953
33549739
29511012
28779491
28429350
31038182
28551829
29501393
25728190
28785901
25687433
29404812
28724332
26308477
27840905
28060536
30388053
29556685
26719935
32700940
30797503
29794734
27889823
34260548
31175007
30539768
33311586
27152917
27319781
26786924
25355886
30023166
26125152
27899397
32618683
26745808
27481070
30212976
31183532
31055994
28413706
32539721
29627894
27098799
27748048
26777568
33838648
33156166
32690088
26376377
27354170
31758645
30166211
30212938
32251011
28557171
29706084
27212244
27649675
29555368
31593112
27792118
34516495
28005932
25557383
30763927
29636039
32006369
33371136
28017227
31805904
28705945
30615954
31605160
29186473
32651855
28050928
31412745
30852290
27482990
34360508
25866566
27248140
34147886
33349001
28771247
32628589
33369007
29190999
25783427
29026199
26817927
30571747
28443377
32485012
26434778
27513877
31645637
27677811
32720030
33568093
32533869
26756738
27299750
32162310
28327256
26084515
32217384
26656678
32036012
32289247
26215395
33298796
26966023
25382293
28770976
32081646
31035482
28531898
27842706
32218383
25985137
27659321
31904680
27892526
26483062
30335017
26045118
25900294
27100932
31055567
29335903
28205072
32193507
25712504
27121795
30544429
33609821
26003939
33629128
28955037
32896343
31399107
28103417
26681031
34156509
29069010
28439071
32151594
29801707
28588174
31206895
33393102
34119525
29362267
29901611
31653607
26075944
32621277
33549013
29170283
25209944
31970519
32744404
25799257
32728865
30133622
28526850
26689762
32112606
33598734
31280281
30121467
28620883
28040627
28566154
25631615
32737728
31311465
25105907
26337859
27056704
32907443
30730427
28257296
31046545
30370489
30968749
26279201
28862974
26857858
31558088
34398033
27352206
26305200
33299498
30621640
28351913
28117262
32329187
31740993
32091438
30460980
28827273
30562337
26608692
29550249
31714356
29979691
33225408
26482024
27741104
27555623
27631490
23670128
26717402
29551623
31353765
33068947
27268607
26961078
31288706
28196543
34477173
30383674
27878412
31140869
27648827
26792217
31822303
32731203
28489582
28975963
29228985
25922176
30539855
28670684
32423033
29361420
30636351
29133324
32096023
27206626
28294347
28513546
29945577
30061656
30855464
26652130
26681036
30118245
26225732
27529073
32717709
30896633
28186946
31286297
31473564
29168176
31096473
27196381
30009380
31566901
30303943
32178901
28489044
30471365
27243928
31870145
29785613
31727655
32221071
27649340
28118803
29310894
26413142
28693568
33233125
31982903
28401451
28656736
29227738
32827300
28553957
33058295
25488064
29980111
32130675
31017554
30639707
25808426
29672299
28782484
30732158
25636566
32195620
27191655
32517579
28077411
24913334
28530674
28222625
32388648
29504450
26016847
32370548
25854291
29381968
26919035
28637534
32715930
34022353
25609216
29522416
26809288
33157959
27272392
27170669
29778541
30946700
29534582
31948008
28290767
26302165
32552897
27126645
30460464
27711025
29959061
33550651
31525540
29880160
31033249
28341746
25828064
29866077
28274529
29719979
33131974
33652282
32929089
26135565
26900160
30339137
28801423
27987580
31170960
28969879
33566631
29058526
29496329
30878117
26631037
28851783
32869255
28574848
28306710
28245208
33656736
27434773
30327917
29334636
32764718
27376313
32978507
27314323
26469187
33199776
25699996
29498630
30938579
31939203
33656726
25815249
27248143
26141016
28513233
29218383
25551153
32169516
31277774
30387232
32022552
31778821
27902749
28278210
29656432
29976694
32526881
33382527
32501913
33429829
27340146
29175884
27107613
30806287
27531204
30224474
32797054
32652930
31478078
32427511
33298944
32452892
33372194
30341649
29448914
32176073
32678504
32356156
33973912
27054566
28682886
28502034
31527480
26412674
32285933
29390904
24232170
28639810
34425827
33043588
31425742
26251467
28812535
24990773
29549089
32788718
26272741
27323180
27164084
29368205
32207004
25349964
28440699
28377109
30073712
32865658
32980302
29622425
31612199
27298330
27991738
25801240
27840402
29472264
28011897
32064964
30699985
28079805
33091417
27266621
32592343
33667437
25547531
31919418
29020967
30529362
26569516
33170047
29108807
30853467
34414935
27810669
33908201
32511972
26979508
32966600
32326113
32797941
33676123
26268422
28087736
33450863
32811452
29654163
30755327
28178659
33188559
27105715
28336576
31825954
29901472
32070873
28689804
27232363
28067736
26166132
27285996
30328021
30575999
28272236
26031424
24612847
33190432
27646776
31692438
30106366
28217986
28746079
32493243
27636710
26046556
26553354
29499526
25012736
30753165
26056058
28673315
27136459
26498222
27549773
25978727
28404539
31886309
33394206
31748532
27249609
30271119
27766546
28123172
26672604
25041564
29931708
27112047
25935128
28624921
31927701
32205080
28737007
32787563
26954069
30212977
26004332
31266451
27749529
34464364
30669517
33222468
29996520
26275635
26049783
31243744
31277713
27512573
31606415
32833059
27419809
33722707
27995550
29253266
28089148
29105209
31861022
26511990
26898852
29962257
25637224
29516976
33039657
29777926
25713168
27248320
32129158
33676174
26051629
26774525
30024042
25648378
27029776
26868195
27682423
26250988
29286358
27346685
26400721
26017571
32258164
27978831
30165864
32471451
25092125
32256908
31280824
33832315
33533331
29753295
30857568
29926533
27579775
26990040
31527586
29554656
25862897
33435499
32277175
27321059
31521062
27886617
26980752
27666929
33559713
33590411
26913451
28255974
28139451
29654342
28106160
25987056
27167359
32677163
27229008
31435770
30756086
26980213
26142812
32340195
31934894
27161217
28993384
30012424
26316653
34087432
32658866
31706169
30637503
28558152
28076371
28356464
29286352
33797621
28685722
31997538
33423055
26580607
26552346
29760204
31655356
32311943
30643386
27222550
28355276
31809840
33882482
26151821
29397405
25660078
32046659
28410350
26204230
30641733
25247746
28208752
33374185
29490960
32470164
33241872
28847773
28004338
26585725
29794727
26833287
32351902
32228609
29266076
28557648
31331953
32141502
25767896
25231674
30639471
31730835
24566154
30320639
24947876
29140490
27040690
26466898
26334269
32428913
28625177
32495290
31533693
28060096
30887405
32956341
31913346
32856800
29183399
30845923
26210711
31788915
29247470
30785930
33667857
29253689
30993211
27791990
29254734
31538930
26524619
31376207
29244072
31753512
30658426
30075549
28343842
28963666
29785010
30324896
28852978
32354090
31492983
26079375
26433016
26438308
34083506
28502461
28765058
28404886
28246407
33053206
32957311
25875170
28594828
26072460
33293604
26853126
30183488
28555069
27891768
29987514
25410635
28176268
33326444
30142439
28495364
31860549
26228363
30290646
30735017
25134044
28927412
25925336
26121706
27213359
26054998
26427519
30791450
27294815
28841814
27527254
28987656
33594505
31701892
32507899
31760420
30420492
26870956
30264282
33422567
29905899
30312798
30401318
34009571
27577169
32951855
33279683
32363376
31035694
29729297
27136715
32238889
25762234
27897234
33293475
26110867
29444786
33887202
32897584
28109576
25186233
28819777
31703725
30496927
30673716
30816881
28756290
25983094
25860589
32569154
26983959
32459709
31561428
27899121
33372316
31354242
31780447
30111280
30181657
31232927
30431558
30412241
30156156
30047158
25774612
26108476
28002345
34058392
27311513
33412396
30542056
29107762
28533424
27725770
30975190
31353674
26951264
32003106
25744736
26649296
31930449
26555776
30666092
27639294
25382124
30108374
27682882
33164750
32088348
31941576
30125622
28453405
31491523
33468712
25782627
25962699
29227525
32889751
26619227
29979385
30148691
27580695
32117222
26076815
23429321
27068588
27279347
28658310
32025275
28383542
33476792
34001114
30536351
28470983
27015167
26163056
27070044
25888483
26091581
29905883
25431259
24878768
29339230
28928033
33427944
25703218
25890664
26621284
31991239
30813183
29762386
26018826
31177983
29570965
27805046
34299283
28093431
33131506
32563760
25809667
32646650
28085069
29053083
27926978
25599431
33092875
29246212
32720899
33300549
27915236
26619211
30880280
26891324
30103072
25668021
27613171
32626761
30358045
34153168
28230273
29048419
27918732
28362817
33019742
26251432
30890259
30626383
28208178
29861294
25365312
28253364
30296610
30762783
32667980
31358974
27563700
26443184
29656140
30129787
27250868
28466193
31053734
29275348
26362309
30383624
24474091
26690090
28608993
27455157
28623489
26664049
27651030
25942469
26745132
33125602
32472185
26547671
29080013
33196669
31163591
29502274
25839640
28494403
31145835
32247246
28656143
29995763
28767617
26830138
30314881
26554771
29056166
29405253
29650630
29482934
26476611
32164541
27559744
27031886
32902359
27578536
32857146
28794077
26395162
29553292
24698503
31470450
24815226
26857510
25553400
27173669
32114225
30445156
34217791
33848885
29105786
30732207
25825799
26467415
29053904
30175627
32638196
29027591
25167786
25664661
27123992
26091591
27131124
26143136
25762636
31744742
32290837
28898252
26320446
25957536
28007626
27432073
28839198
32076461
26463599
30144000
28756698
29655505
31926897
25970275
26905025
28764642
32281460
33631241
30481516
27995323
27296815
28008143
30770579
30254379
26283007
27784171
28684051
31365517
32677993
29891772
29268723
26088808
31472245
26404116
29653596
28063180
24831943
29133286
33432473
29772543
31866530
27216841
31609989
30371537
28436233
30277202
28135719
32790684
32949947
25582979
32075955
29756984
26601606
29127520
30875589
28923460
26108741
29843660
27468735
32228489
29458778
27580934
26662450
28609791
30130720
26872918
33627673
33395461
31464940
28514303
26656273
32763114
29905926
27107991
33955120
29894066
27748835
25658785
28434122
28508937
31605189
28364149
26526553
26047942
28489599
30643251
29807277